0.0 1562559
0.01 3115
0.02 1044
0.03 429
0.04 208
0.05 631
0.06 121
0.07 124
0.08 939
0.09 170
0.1 1256
0.11 272
0.12 105
0.13 44
0.14 53
0.15 352
0.16 24
0.17 24
0.18 80
0.19 18
0.2 1417
0.21 35
0.22 149
0.23 18
0.24 21
0.25 166
0.26 18
0.27 19
0.28 38
0.29 19
0.3 165
0.31 19
0.32 29
0.33 47
0.34 20
0.35 31
0.36 15
0.37 14
0.38 21
0.39 14
0.4 87
0.41 27
0.42 7
0.43 18
0.44 21
0.45 30
0.46 11
0.47 22
0.48 11
0.49 544
0.5 4014
0.51 25
0.52 595
0.53 12
0.54 517
0.55 159
0.56 372
0.57 172
0.58 79
0.59 510
0.6 99
0.61 23
0.62 472
0.63 12
0.64 422
0.65 51
0.66 293
0.67 142
0.68 22
0.69 400
0.7 5265
0.71 32
0.72 335
0.73 7
0.74 395
0.75 1325
0.76 252
0.77 137
0.78 136
0.79 327
0.8 1097
0.81 36
0.82 319
0.83 97
0.84 238
0.85 106
0.86 262
0.87 62
0.88 305
0.89 171
0.9 544
0.91 17
0.92 171
0.93 5605
0.94 211
0.95 99
0.96 108
0.97 83
0.98 5723
0.99 267
1.0 267339
10.0 21705
100.0 44
10.01 52
10.02 30
10.03 79
10.04 3
10.05 568
10.06 420
10.07 55
10.08 1189
100.8 3
10.09 6
1.01 156
10.1 760
101.0 1
10.11 19
10.12 12
10.13 7
10.14 202
10.15 536
10.16 377
10.17 13
10.18 798
10.19 5
1.02 264
10.2 455
10.21 3
10.22 9
102.27 1
10.23 404
10.24 7
10.25 490
102.5 1
10.26 368
10.27 3
10.28 698
10.29 145
1.03 5642
10.3 157
103.0 1
103.02 1
10.31 15
10.32 219
10.33 92
10.34 9
10.35 597
10.36 654
10.38 640
10.39 5
1.04 135
10.4 190
10.41 10
10.42 11
10.43 2
10.44 202
10.45 834
10.46 355
10.47 9
10.48 1179
10.49 4
1.05 97
10.5 63
105.0 1
10.51 4
10.52 17
10.53 1
10.54 5
10.55 594
10.56 810
10.57 34
10.58 795
10.59 152
1.06 171
10.6 613
10.61 40
10.62 15
10.63 125
10.64 4
10.65 402
10.66 385
10.67 5
10.68 516
10.69 2
1.07 61
10.7 434
10.71 10
10.72 8
10.73 380
10.74 173
10.75 354
10.76 314
10.77 4
10.78 653
10.79 1
1.08 7394
10.8 210
10.81 10
10.82 206
10.83 11
10.84 10
10.85 565
10.86 567
10.87 3
10.88 571
10.89 150
1.09 138
10.9 137
10.91 8
10.92 7
10.93 120
10.94 4
10.95 512
10.96 296
10.97 5
10.98 803
10.99 2
1.1 2264
11.0 1063
110.0 6
11.01 16
110.11 1
11.02 13
11.03 1
11.04 127
11.05 3303
11.06 8186
11.07 42
11.08 693
11.09 5
1.11 1924
11.1 525
111.0 3
11.11 105
111.11 1
11.12 11
11.13 5
11.14 5
11.15 339
11.16 267
11.18 367
11.19 117
1.12 617
11.2 371
112.0 1
11.21 10
11.22 18
112.2 1
11.23 449
11.24 5
11.25 184
11.26 216
11.27 5
11.28 329
11.29 2
1.13 5182
11.3 142
113.0 1
11.31 11
11.32 180
11.33 3
11.34 117
11.35 386
11.36 464
11.37 4
11.38 429
11.39 3
1.14 164
11.4 55
11.41 3
11.42 7
11.43 6
11.44 6
11.45 520
11.46 302
11.48 607
11.49 97
1.15 217
11.5 126
115.0 2
11.51 6
11.52 10
11.53 129
11.54 1
11.55 185
11.56 201
11.57 22
11.58 422
11.59 4
1.16 86
11.6 424
11.61 5
11.62 4
116.28 1
11.63 2
11.64 108
11.65 264
11.66 213
116.62 1
11.67 5
11.68 359
11.69 4
1.17 79
11.7 242
11.71 35
11.72 5
11.73 277
11.74 8
11.75 1343
11.76 188
11.77 4
117.77 1
11.78 3939
11.79 93
1.18 5814
11.8 141
11.81 3
11.82 110
11.83 126
11.84 2
11.85 276
11.86 364
11.87 49
11.88 235
11.89 4
1.19 159
11.9 96
11.91 3
11.92 4
11.93 4
11.94 77
11.95 982
119.59 1
11.96 1652
11.97 7
11.98 566
1.2 29705
12.0 2073
120.0 5
12.01 7
12.02 10
12.03 2
12.04 7
12.05 234
12.06 164
12.07 12
12.08 356
12.09 79
1.21 196
12.1 384
12.11 12
12.12 33
12.13 121
12.14 5
12.15 174
12.16 187
12.17 4
121.75 1
12.18 184
1.22 257
12.2 269
12.21 199
12.22 13
12.23 206
12.24 73
12.25 10710
12.26 144
12.27 8
12.28 30546
12.29 11
1.23 4714
12.3 110
12.31 4
12.32 75
12.33 7
12.34 58
12.35 220
12.36 336
12.37 3
12.38 170
12.39 72
1.24 753
12.4 142
12.41 5
12.42 11
12.43 115
12.44 33
12.45 350
12.46 311
12.47 7
12.48 316
12.49 2
1.25 7521
12.5 120
125.0 1
12.51 9
12.52 10
12.54 91
12.55 152
12.56 350
12.57 30
12.58 333
12.59 1
1.26 143
12.6 244
12.61 16
12.62 10
12.63 5
12.64 5
12.65 380
12.66 190
12.67 5
12.68 820
12.69 62
1.27 188
12.7 232
12.71 5
12.72 12
12.73 317
12.74 2
12.75 62
12.76 172
127.69 1
12.77 2
12.78 102
1.28 4562
12.8 96
12.81 4
12.82 70
12.83 2
12.84 89
12.85 197
12.86 256
12.87 4
12.88 199
12.89 1
1.29 112
12.9 52
12.91 5
12.92 13
12.93 4
12.94 22
12.95 236
12.96 242
12.97 7
12.98 221
12.99 61
1.3 2374
13.0 601
130.0 2
13.01 17
13.02 14
13.03 116
13.04 1
13.05 340
13.06 713
13.07 10
13.08 161
13.09 2
1.31 23
13.1 302
13.11 51
13.12 18
13.13 12
13.14 66
13.15 2476
13.16 721
13.17 10
13.18 6547
13.19 5
1.32 9886
13.2 313
13.21 9
13.22 4
13.23 137
13.24 80
13.25 161
13.26 187
13.27 13
13.28 68
13.29 49
1.33 4100
13.3 94
13.31 4
13.32 81
13.33 112
13.34 21
13.35 113
13.36 278
13.37 5
13.38 50
13.39 1
1.34 239
13.4 51
13.41 4
13.42 1
13.43 4
134.34 1
13.44 61
13.45 236
13.46 125
13.47 8
13.48 272
1.35 329
13.5 73
135.0 1
13.51 66
13.52 5
13.53 7
13.54 6
13.55 121
13.56 301
13.57 14
13.58 152
13.59 54
1.36 620
13.6 213
13.61 5
13.62 7
13.63 109
13.64 3
13.65 144
13.66 318
13.67 1
13.68 70
1.37 65
13.7 140
13.71 6
13.72 12
13.73 110
13.74 67
13.75 89
13.76 236
13.77 5
13.78 178
13.79 1
1.38 3795
13.8 765
138.0 1
13.81 3
13.82 1954
13.83 17
13.84 11
13.85 153
13.86 230
13.87 1
13.88 61
13.89 51
1.39 77
13.9 73
13.91 3
13.92 8
13.93 103
13.94 3
13.95 161
13.96 224
13.97 1
13.98 126
13.99 2
1.4 12325
14.0 406
140.0 2
14.01 4
14.02 2
14.03 3
14.04 45
14.05 141
14.06 184
14.07 16
14.08 184
140.86 1
14.09 1
1.41 155
14.1 111
14.11 4
141.14 1
14.12 7
14.13 8
14.14 11
14.15 93
14.16 179
14.17 2
14.18 47
14.19 39
1.42 539
14.2 112
14.21 4
14.22 6
14.23 143
14.24 1
14.25 69
14.26 138
14.27 1
14.28 89
14.29 2
1.43 3503
14.3 50
14.31 6
14.32 79
14.33 7
14.34 39
14.35 129
14.36 190
14.37 4
14.38 144
14.39 1
1.44 116
14.4 34
14.41 18
14.42 6
14.43 8
14.44 9
14.45 170
14.46 163
14.47 3
14.48 111
14.49 36
1.45 186
14.5 42
14.51 3
14.52 9
14.53 75
14.54 7
14.55 59
14.56 155
14.57 9
145.7 1
14.58 73
14.59 2
1.46 188
14.6 115
14.61 7
14.62 6
14.63 2
14.64 43
14.65 88
14.66 141
14.67 1
14.68 97
1.47 11031
14.7 384
14.71 4
14.72 9
14.73 860
147.36 1
14.74 7
14.75 60
14.76 141
14.77 1
14.78 61
14.79 32
1.48 3599
14.8 58
14.81 9
14.82 45
14.83 74
148.3 1
14.84 6
14.85 65
14.86 136
14.87 1
14.88 66
14.89 1
1.49 147
14.9 217
14.91 4
14.92 5
14.93 3
14.94 27
14.95 513
14.96 103
14.97 10
14.98 158
14.99 4
1.5 80391
15.0 2729
150.0 2
150.08 1
15.01 19
15.02 4
15.03 6
15.04 6
15.05 149
15.06 174
15.07 12
15.08 91
15.09 41
1.51 128
15.1 95
15.11 6
15.12 6
15.13 57
15.14 5
15.15 60
15.16 153
15.17 1
15.18 32
15.19 3
1.52 79
15.2 93
15.21 6
15.22 6
15.23 49
15.24 34
15.25 61
15.26 141
15.28 74
15.29 2
1.53 2921
15.3 23
15.31 4
15.32 39
15.33 2
15.34 3
15.35 3435
15.36 5195
15.37 5
15.38 29
15.39 28
1.54 7675
15.4 58
15.41 4
15.42 4
15.43 68
15.44 4
15.45 84
15.46 86
15.47 2
15.48 54
15.49 1
1.55 3949
15.5 73
15.51 7
15.52 2
15.53 1
15.54 32
15.55 97
15.56 102
15.57 8
15.58 132
15.59 1
1.56 170
15.6 57
15.61 7
15.62 9
15.63 4
15.64 1
15.65 50
15.66 121
15.67 1
15.68 24
15.69 13
1.57 143
15.7 118
15.71 8
15.72 2
15.73 69
15.74 4
15.75 48
15.76 108
15.78 19
15.79 6
1.58 4475
15.8 77
15.81 3
15.82 71
15.83 3
15.84 78
15.85 146
15.86 285
15.87 3
15.88 85
158.82 1
15.89 4
1.59 129
15.9 22
15.91 3
15.92 7
15.93 9
15.94 6
15.95 98
15.96 97
15.97 2
15.98 47
15.99 27
1.6 1994
16.0 194
16.01 11
16.02 8
16.03 49
16.04 6
16.05 69
16.06 109
16.07 12
16.08 45
16.09 3
1.61 3
16.1 43
16.11 3
16.12 9
16.13 7
16.14 30
16.15 59
16.16 118
16.17 2
16.18 57
16.19 3
1.62 10570
16.2 79
16.21 7
16.22 9
16.23 24
16.24 6
16.25 63
16.26 85
16.27 1
16.28 13
16.29 17
1.63 2368
16.3 67
16.31 7
16.32 146
16.33 41
16.34 6
16.35 42
16.36 97
16.37 2
16.38 26
16.39 10
1.64 23
16.4 34
16.41 8
16.42 6
16.43 9
16.44 19
16.45 677
16.46 91
16.47 1
16.48 1509
16.49 5
1.65 339
16.5 17
16.51 5
16.52 8
16.53 4
16.54 6
16.55 302
16.56 124
16.57 3
16.58 46
16.59 606
1.66 672
16.6 47
16.61 5
16.62 10
16.63 20
16.64 7
16.65 39
16.66 123
16.67 1
16.68 23
16.69 2
1.67 1084
16.7 60
16.71 4
16.72 1
16.73 18
16.74 27
16.75 63
16.76 79
16.77 1
16.78 49
16.79 4
1.68 2230
16.8 25
16.81 2
16.82 25
16.83 3
16.84 2
16.85 49
16.86 96
16.88 28
16.89 27
1.69 84
16.9 30
16.91 5
16.92 7
16.93 32
16.94 5
16.95 90
16.96 73
16.98 26
16.99 2
1.7 30873
17.0 131
17.01 4
17.02 9
17.03 2
17.04 21
17.05 72
17.06 90
17.07 5
17.08 87
17.09 2
1.71 14
17.1 24
17.11 12
17.12 16
17.13 1
17.14 4
17.15 68
17.16 115
17.18 21
17.19 38
1.72 401
17.2 52
17.21 5
17.22 5
17.23 29
17.24 8
17.25 41
17.26 80
17.27 1
17.28 14
17.29 1
1.73 2142
17.3 26
17.31 6
17.32 52
17.33 2
17.34 20
17.35 48
17.36 93
17.37 2
17.38 34
17.39 1
1.74 68
17.4 17
17.41 5
17.42 3
17.43 1
17.44 7
17.45 69
17.46 75
17.47 1
17.48 24
17.49 11
1.75 34620
17.5 28
17.51 5
17.52 6
17.53 25
17.54 5
17.55 51
17.56 87
17.57 8
17.58 45
17.59 1
1.76 75461
17.6 19
17.61 10
17.62 9
17.64 17
17.65 137
17.66 75
17.68 222
17.69 1
1.77 9503
17.7 60
17.71 1
17.72 2
17.73 4
17.74 6
17.75 46
17.76 68
17.77 1
17.78 13
17.79 12
1.78 2085
17.8 30
17.81 5
17.82 32
17.83 15
17.84 1
17.85 42
17.86 87
17.87 2
178.73 1
17.88 14
17.89 1
1.79 153
17.9 69
17.91 2
17.92 6
17.94 138
17.95 55
17.96 59
17.97 2
17.98 36
1.8 5070
18.0 217
180.0 1
18.01 13
18.02 3
18.03 2
18.04 6
18.05 58
18.06 88
18.07 7
18.08 32
18.09 19
1.81 94
18.1 17
18.11 8
18.12 5
18.13 18
18.14 12
18.15 44
18.16 86
18.18 12
1.82 50
18.2 42
18.21 2
18.22 2
18.23 6
18.24 17
182.46 1
18.25 38
18.26 61
18.27 1
18.28 26
18.29 2
1.83 1638
18.3 13
18.31 4
18.32 47
18.34 4
18.35 30
18.36 55
18.37 1
18.38 9
18.39 11
1.84 6367
18.4 576
18.41 2
18.42 10
18.43 1492
18.44 5
18.45 37
18.46 66
18.48 23
1.85 36736
18.5 14
18.51 2
18.52 7
18.53 1
18.54 16
18.55 43
18.56 57
18.57 4
18.58 42
18.59 1
1.86 82970
18.6 21
18.61 6
18.62 2
18.63 2
18.64 4
18.65 38
18.66 69
18.67 5
18.68 9
18.69 26
1.87 20
18.7 39
18.71 7
18.72 7
18.73 12
18.74 4
18.75 27
18.76 43
18.78 10
18.79 2
1.88 2122
18.8 31
18.81 6
18.82 30
18.83 1
18.84 27
18.85 29
18.86 40
18.87 2
18.88 31
18.89 1
1.89 116
18.9 15
18.91 1
18.92 1
18.93 2
18.94 3
18.95 49
18.96 47
18.97 2
18.98 18
18.99 16
1.9 881
19.0 57
19.01 3
19.02 4
19.03 68
19.04 2
19.05 41
19.06 77
19.07 4
19.08 18
1.91 13
19.1 8
19.11 7
19.12 4
19.14 21
19.15 33
19.16 53
19.18 12
19.19 1
1.92 8560
19.2 27
19.21 3
19.22 6
19.23 4
19.24 4
19.25 25
19.26 39
19.27 2
19.28 10
19.29 10
1.93 1273
19.3 19
19.31 1
19.32 28
19.33 13
19.34 2
19.35 20
19.36 51
19.37 1
19.38 12
19.39 1
1.94 860
19.4 14
19.42 4
19.43 1
19.44 17
19.45 42
19.46 42
19.48 15
1.95 34061
19.5 11
195.0 2
19.51 5
19.53 2
19.54 2
19.55 43
19.56 44
19.57 4
19.58 20
19.59 44
1.96 85667
19.6 8
19.61 4
19.62 2
19.63 11
19.64 3
19.65 33
19.66 64
19.67 7
19.68 7
19.69 1
1.97 80
19.7 29
19.71 2
19.72 1
19.73 7
19.74 49
19.75 170
19.76 30
19.77 1
19.78 479
19.79 1
1.98 1202
19.8 20
19.82 25
19.83 4
19.84 1
19.85 26
19.86 45
19.87 5
19.88 9
19.89 17
1.99 192
19.9 15
19.91 2
19.92 2
19.93 7
19.94 3
19.95 35
19.96 18
19.98 8
19.99 2
2.0 239321
20.0 1976
200.0 10
200.08 1
20.01 5
200.18 1
20.02 8
20.03 3
20.04 14
20.05 47
20.06 58
20.07 5
20.08 51
200.8 1
2.01 228
20.1 6
20.11 6
20.13 2
20.14 6
20.15 20
20.16 52
20.18 7
20.19 5
2.02 316
20.2 56
20.22 4
20.23 5
20.24 2
20.25 10
20.26 22
20.27 1
20.28 8
20.29 1
2.03 1924
20.3 18
20.31 2
20.32 26
20.34 13
20.35 11
20.36 29
20.38 13
2.04 34
20.4 17
20.41 2
20.42 2
20.44 1
20.45 35
20.46 19
20.48 6
20.49 16
2.05 40136
20.5 8
20.51 2
20.52 3
20.53 7
20.54 1
20.55 20
20.56 50
20.57 6
20.58 25
2.06 86865
20.6 9
20.61 2
20.62 8
20.64 15
20.65 12
20.66 37
20.68 7
20.69 3
2.07 7050
20.7 36
20.71 3
20.72 2
20.73 6
20.74 1
20.75 17
20.76 22
20.77 1
20.78 4
20.79 8
2.08 14865
20.8 30
20.81 1
20.82 23
20.83 1
20.84 2
20.85 15
20.86 24
20.88 11
2.09 194
20.9 18
20.91 1
20.92 5
20.94 10
20.95 31
20.96 18
20.98 10
20.99 1
2.1 435
21.0 34
21.01 3
21.03 1
21.05 20
21.06 35
21.07 4
21.08 17
21.09 9
2.11 55
21.1 9
21.11 2
21.12 3
21.13 5
21.14 4
21.15 13
21.16 29
21.17 1
21.18 9
2.12 924
21.2 22
21.23 4
21.24 9
21.25 8
21.26 13
21.27 2
21.28 7
2.13 942
21.3 17
21.32 29
21.35 11
21.36 15
21.37 1
21.38 5
21.39 15
2.14 4616
21.4 19
21.41 1
21.43 4
21.45 30
21.46 15
21.47 2
21.48 7
21.49 1
2.15 35468
21.5 10
21.51 1
21.52 3
21.54 7
21.55 12
21.56 30
21.57 2
21.58 17
2.16 84008
21.6 5
21.61 2
21.62 1
21.64 2
21.65 15
21.66 27
21.67 1
21.68 2
21.69 4
2.17 11
21.7 23
21.71 1
21.73 3
21.74 1
21.75 10
21.76 18
21.77 1
21.78 7
2.18 1035
21.8 17
21.81 3
21.82 17
21.83 1
21.84 8
21.85 9
21.86 18
21.87 1
21.88 11
21.89 1
2.19 28
21.9 10
21.92 1
21.94 1
21.95 23
21.96 17
21.97 1
21.98 8
21.99 4
2.2 33926
22.0 105
220.0 1
22.01 1
22.03 3
22.04 1
22.05 17
22.06 27
22.07 4
22.08 20
2.21 872
22.1 5
22.11 2
22.12 5
22.14 9
22.15 15
22.16 26
22.17 1
22.18 9
2.22 7030
22.2 25
22.21 2
22.22 16
222.22 1
22.23 1
22.25 11
22.26 9
22.28 6
22.29 8
2.23 818
22.3 18
22.31 1
22.32 14
22.33 8
22.35 8
22.36 14
22.38 9
2.24 21
22.4 8
22.41 4
22.42 2
22.44 5
22.45 22
22.46 17
22.48 4
22.49 1
2.25 34082
22.5 8
225.0 1
22.51 4
22.52 5
22.53 1
22.55 23
22.56 14
22.57 4
22.58 10
22.59 22
2.26 81187
22.6 5
22.62 1
22.63 1
22.64 1
22.65 12
22.66 17
22.68 4
22.69 1
2.27 30
22.7 18
22.71 3
22.73 2
22.74 9
22.75 12
22.76 19
22.77 2
22.78 9
2.28 861
22.8 12
22.81 1
22.82 19
22.85 7
22.86 13
22.88 10
22.89 7
2.29 99
22.9 8
22.91 1
22.92 1
22.94 2
22.95 13
22.96 8
229.7 1
22.98 5
2.3 15216
23.0 42
23.01 5
23.02 5
23.04 8
23.05 7
23.06 26
23.07 3
23.08 15
2.31 44
23.1 4
23.11 4
23.12 2
23.13 1
23.15 14
23.16 19
23.18 3
23.19 5
2.32 12171
23.2 12
23.22 1
23.23 4
23.25 9
23.26 15
23.28 5
2.33 3999
23.3 6
23.32 20
23.33 2
23.34 6
23.35 6
23.36 11
23.37 2
23.38 14
2.34 4923
23.4 6
23.41 1
23.42 2
23.43 1
23.45 22
23.46 11
23.47 1
23.48 5
23.49 10
2.35 30474
23.5 4
23.52 2
23.53 2
23.55 9
23.56 9
23.57 5
23.58 16
2.36 77168
23.6 8
23.62 1
23.64 13
23.65 7
23.66 13
23.67 1
23.68 7
23.69 1
2.37 4841
23.7 7
23.71 2
23.72 2
23.73 5
23.75 6
23.76 9
23.77 1
23.78 4
23.79 6
2.38 791
23.8 8
23.82 12
23.83 2
23.84 1
23.85 2
23.86 6
23.87 1
23.88 5
2.39 689
23.9 6
239.0 1
23.91 2
23.94 9
23.95 15
23.96 8
23.98 5
2.4 626
24.0 32
24.02 2
24.03 1
24.05 21
24.06 30
24.07 2
24.08 11
24.09 7
2.41 14
24.1 6
24.11 2
24.13 3
24.14 1
24.15 11
24.16 18
24.17 1
24.18 1
2.42 57
24.2 14
24.21 1
24.23 3
24.24 13
24.25 2
24.26 8
24.27 1
24.28 12
2.43 697
24.3 7
24.31 2
24.32 8
24.35 8
24.36 3
24.38 2
24.39 4
2.44 3167
24.4 12
24.41 1
24.42 2
24.45 12
24.46 6
24.48 3
2.45 55395
24.5 7
24.51 1
24.52 1
24.54 6
24.55 6
24.56 12
24.57 5
24.58 16
2.46 73606
24.6 2
24.61 1
24.62 2
24.63 1
24.65 6
24.66 21
24.68 3
24.69 5
2.47 42
24.7 10
24.72 2
24.73 1
24.74 1
24.75 4
24.76 2
24.78 1
2.48 1082
24.8 8
24.81 3
24.82 5
24.84 4
24.85 7
24.86 6
24.88 5
2.49 5692
24.9 1
24.92 1
24.93 1
24.95 8
24.96 9
24.98 5
24.99 5
2.5 26450
25.0 436
250.0 1
25.01 1
25.02 4
25.04 2
25.05 16
25.06 13
25.07 4
25.08 10
2.51 76
25.1 5
25.11 2
25.12 1
25.14 12
25.15 10
25.16 9
25.17 1
25.18 3
2.52 4073
25.2 12
25.21 1
25.22 1
25.23 1
25.24 1
25.25 5
25.26 9
25.27 1
25.28 4
25.29 4
2.53 517
25.3 5
25.32 6
25.33 1
25.35 6
25.36 7
25.38 9
25.39 1
2.54 22
25.4 7
25.41 2
25.44 6
25.45 9
25.46 8
25.47 1
25.48 4
2.55 32943
25.5 4
25.52 1
25.54 1
25.55 12
25.56 4
25.58 4
25.59 8
2.56 68640
25.6 3
25.61 2
25.62 2
25.63 1
25.65 2
25.66 12
25.68 3
2.57 648
25.7 13
25.71 1
25.72 1
25.73 1
25.74 7
25.75 2
25.76 3
25.77 2
25.78 1
2.58 14915
25.8 9
25.82 6
25.83 1
25.85 3
25.86 4
25.87 1
25.88 7
25.89 4
2.59 44
25.92 1
25.93 1
25.94 1
25.95 6
25.96 4
25.98 5
2.6 7104
26.0 33
26.01 1
26.04 3
26.05 11
26.06 12
26.07 2
26.08 6
2.61 39
26.1 1
26.11 1
26.12 2
26.14 1
26.15 10
26.16 12
26.18 2
26.19 5
2.62 121
26.2 7
26.21 1
26.22 2
26.23 1
26.25 4
26.26 7
26.27 2
26.28 2
2.63 419
26.3 12
26.31 1
26.32 5
26.35 2
26.36 5
26.37 1
26.38 3
26.39 1
2.64 6372
26.4 2
26.41 1
26.43 1
26.44 1
26.45 11
26.48 2
26.49 4
2.65 25636
26.5 5
26.51 1
26.53 2
26.55 3
26.56 10
26.58 5
2.66 64688
26.6 8
26.61 2
26.64 5
26.65 3
26.66 9
2.67 3235
26.7 4
26.71 3
26.73 2
26.75 8
26.76 10
26.77 1
26.78 1
26.79 2
2.68 479
26.8 5
26.81 3
26.82 2
26.85 4
26.86 3
26.88 1
2.69 160
26.9 2
26.91 2
26.94 8
26.95 6
26.96 2
26.97 1
26.98 3
2.7 26894
27.0 36
27.01 2
27.03 1
27.05 9
27.06 10
27.07 2
27.08 5
27.09 7
2.71 41
27.11 3
27.13 1
27.14 2
27.15 1
27.16 15
27.18 3
2.72 35
27.2 14
27.21 3
27.23 3
27.24 5
27.25 2
27.26 3
27.27 1
27.28 8
2.73 369
27.3 3
27.31 1
27.32 4
27.34 1
27.35 2
27.36 4
27.38 3
27.39 3
2.74 2033
27.41 1
27.42 1
27.45 2
27.48 5
2.75 29138
27.5 7
27.51 2
27.52 1
27.54 1
27.55 3
27.56 2
27.57 3
27.58 7
2.76 59860
27.6 1
27.61 1
27.63 2
27.64 1
27.65 4
27.66 5
27.68 3
27.69 3
2.77 177
27.7 10
27.71 4
27.76 5
27.78 2
2.78 330
27.8 5
27.84 3
27.85 1
27.87 1
27.88 5
2.79 6850
27.91 2
27.92 2
27.93 1
27.95 5
27.96 2
27.98 6
27.99 4
2.8 7442
28.0 32
28.01 1
28.02 2
28.05 3
28.06 8
28.07 1
28.08 2
2.81 18
28.1 1
28.11 2
28.12 1
28.14 6
28.15 2
28.16 10
28.18 3
2.82 13591
28.2 7
28.21 1
28.22 1
28.24 1
28.25 3
28.26 4
28.28 5
28.29 4
2.83 3031
28.3 3
28.31 3
28.32 3
28.35 2
28.36 1
28.38 4
2.84 468
28.4 2
28.41 2
28.44 1
28.45 9
28.46 2
28.48 3
2.85 21929
28.51 5
28.52 1
28.53 1
28.55 2
28.56 6
28.57 1
28.58 5
28.59 3
2.86 55151
28.6 1
28.61 3
28.65 2
28.66 4
2.87 8
28.7 5
28.71 2
28.74 8
28.75 2
28.76 7
28.77 1
28.78 2
2.88 639
28.8 5
28.82 2
28.85 4
28.86 3
28.88 7
28.89 4
2.89 30
28.91 1
28.92 1
28.93 1
289.45 1
28.95 5
28.96 2
28.98 2
2.9 5857
29.0 15
29.04 1
29.05 8
29.06 9
29.08 3
2.91 25
29.1 5
29.11 2
29.15 2
29.16 3
29.18 2
29.19 2
2.92 79
29.2 1
29.21 1
29.23 1
29.25 4
29.26 4
29.28 2
2.93 664
29.3 2
29.32 1
29.34 1
29.35 2
29.36 4
29.38 4
2.94 6943
29.4 2
29.41 1
29.45 2
29.46 5
29.47 1
29.48 2
29.49 3
2.95 38792
29.5 3
29.51 2
29.52 1
29.53 1
29.55 1
29.56 2
29.58 2
2.96 50761
29.6 2
29.63 1
29.65 1
29.66 3
29.68 4
2.97 2204
29.7 2
297.0 1
29.71 3
29.73 2
29.75 1
29.76 7
29.78 3
29.79 1
2.98 256
29.8 5
29.82 3
29.83 1
29.86 5
29.88 3
2.99 52
29.9 2
29.94 1
29.95 4
29.96 5
3.0 76608
30.0 314
300.0 3
30.03 3
30.05 19
30.06 10
30.07 3
30.08 8
30.09 2
3.01 32
30.11 2
30.15 4
30.16 6
30.18 1
3.02 367
30.2 11
30.21 2
30.22 1
30.23 1
30.24 5
30.25 1
30.26 3
30.28 5
3.03 277
30.3 5
30.35 1
30.38 1
30.39 1
3.04 1446
30.41 2
30.45 3
30.46 5
30.49 1
3.05 27377
30.5 2
30.54 1
30.55 1
30.56 8
30.58 4
3.06 46721
30.6 1
30.66 12
30.68 1
30.69 3
3.07 135
30.7 3
30.75 2
30.78 1
3.08 13450
30.8 6
30.82 2
30.84 3
30.85 1
30.86 1
30.88 1
3.09 6976
30.96 2
30.98 1
30.99 4
3.1 138
31.0 7
31.06 3
31.07 2
31.08 1
3.11 386
31.14 1
31.16 3
31.17 1
31.19 1
3.12 1922
31.2 5
31.22 2
31.25 3
31.26 6
31.28 6
31.29 1
3.13 165
31.3 4
31.31 1
31.32 3
31.38 3
31.39 1
3.14 39
31.4 1
31.44 1
31.45 4
31.46 4
31.48 2
3.15 16649
31.52 1
31.55 3
31.56 3
31.57 1
31.58 2
31.59 3
3.16 42171
31.6 3
31.61 1
31.62 1
31.65 1
3.17 37
31.7 3
31.71 1
31.73 1
31.74 3
31.78 4
31.79 1
3.18 174
31.81 1
31.82 1
31.85 1
31.88 4
3.19 62
31.95 2
31.96 1
31.98 2
3.2 25267
32.0 19
32.05 7
32.06 2
32.08 3
3.21 22
32.1 1
32.11 1
32.15 1
32.16 8
32.18 1
32.19 3
3.22 91
32.2 2
32.22 2
32.25 2
32.26 2
3.23 140
32.3 1
323.0 1
32.34 3
32.35 2
32.36 1
32.38 1
32.39 1
3.24 6614
32.45 2
32.48 5
32.49 1
3.25 15852
32.5 2
32.51 1
32.52 1
32.53 2
32.55 4
32.56 1
32.58 3
3.26 38938
32.6 1
32.61 1
32.64 1
32.66 7
32.68 1
32.69 1
3.27 1596
32.7 8
32.72 1
32.75 1
32.76 2
32.78 1
3.28 229
32.81 1
32.82 1
32.83 2
32.85 1
32.86 1
3.29 329
32.94 1
32.95 3
32.96 1
32.98 1
3.3 5185
33.0 24
33.05 2
33.06 4
33.08 1
33.09 1
3.31 13
33.11 1
33.16 1
33.18 3
3.32 8967
33.2 3
33.21 1
33.22 1
33.25 2
3.33 2834
33.32 5
33.33 5
33.34 1
33.35 1
33.36 1
33.38 4
33.39 2
3.34 1027
33.41 1
33.42 1
33.43 1
33.45 2
33.46 4
33.48 5
3.35 17235
33.5 2
33.51 1
33.52 1
33.54 2
33.56 2
33.58 1
3.36 34987
33.64 1
33.65 1
33.66 3
33.67 1
33.69 1
3.37 57
33.7 3
33.73 1
33.76 2
33.78 4
3.38 341
33.8 3
33.83 1
33.84 1
33.85 1
33.86 2
33.88 2
3.39 6430
33.95 2
33.97 2
33.98 3
33.99 2
3.4 167
34.0 7
34.01 1
34.03 1
34.04 1
34.05 3
34.06 3
34.08 2
3.41 21
34.1 2
34.14 3
34.15 1
34.16 2
34.17 1
3.42 1346
34.2 2
34.22 1
34.23 1
34.25 1
34.29 1
3.43 117
34.3 4
34.36 2
34.38 4
3.44 73
34.4 1
34.41 1
34.42 1
34.44 1
34.45 1
34.46 1
34.48 2
3.45 27364
34.5 1
34.51 1
34.55 1
34.56 2
34.58 4
34.59 2
3.46 32177
34.6 2
34.66 1
34.68 2
3.47 218
34.7 4
34.71 2
34.74 1
34.75 1
34.78 1
3.48 127
34.8 1
34.85 1
34.86 2
34.89 2
3.49 71
34.95 1
34.98 1
3.5 11335
35.0 73
35.01 1
35.05 4
35.06 3
35.08 4
3.51 22
35.11 3
35.15 2
35.18 1
35.19 2
3.52 50
35.2 1
35.25 5
35.26 1
35.28 1
3.53 81
35.3 3
35.32 2
35.33 1
35.35 3
35.36 1
35.38 1
3.54 5822
35.45 1
35.48 3
35.49 1
3.55 15756
35.56 1
35.58 1
3.56 29559
35.66 4
35.69 1
3.57 1176
35.7 2
35.72 1
35.75 1
35.78 1
35.79 1
3.58 10109
35.8 3
35.81 1
35.82 1
35.86 4
35.87 1
35.88 2
3.59 90
35.9 2
35.93 1
35.94 3
35.97 1
35.98 1
3.6 171
36.0 7
36.05 8
36.06 4
36.08 1
36.09 2
3.61 27
36.12 1
36.15 1
36.16 3
36.18 1
3.62 52
36.2 2
36.24 3
36.25 1
36.27 1
36.28 1
3.63 69
36.31 1
36.36 1
36.38 1
3.64 726
36.4 1
36.42 1
36.43 1
36.45 3
36.46 2
3.65 13815
36.5 1
36.51 1
36.56 1
36.58 1
3.66 27239
36.6 1
36.61 4
36.65 1
36.66 1
3.67 25
36.7 1
36.71 1
36.73 1
36.76 2
36.78 1
3.68 80
36.82 1
36.84 1
36.85 1
36.86 1
3.69 5201
36.9 1
36.92 2
36.99 2
3.7 14816
37.0 7
37.01 1
37.03 1
37.06 5
37.08 1
3.71 30
37.13 1
37.16 3
3.72 916
37.21 1
372.36 1
37.25 2
37.28 2
37.29 3
3.73 67
37.31 1
37.35 1
37.36 2
37.38 4
3.74 221
37.44 1
37.45 2
37.48 1
3.75 10548
37.5 1
37.56 1
37.58 5
37.59 1
3.76 24518
37.62 1
37.63 1
37.65 1
37.68 1
37.69 1
3.77 11
37.7 5
37.74 1
37.75 2
37.76 2
37.78 1
37.79 2
3.78 103
37.8 2
37.81 1
37.88 1
3.79 76
37.93 2
37.99 1
3.8 6726
38.0 14
38.04 3
38.05 2
38.06 2
38.08 1
3.81 49
38.1 2
38.18 1
3.82 6458
38.2 5
38.23 1
38.28 1
3.83 1774
38.3 2
38.32 1
38.34 1
38.36 2
3.84 5020
38.45 1
38.46 1
38.48 1
3.85 9233
38.55 1
38.58 2
3.86 22865
38.6 1
38.61 1
38.64 1
38.66 2
38.68 1
3.87 794
38.72 1
38.75 1
38.76 1
38.78 1
3.88 237
38.8 5
38.85 3
38.86 1
38.88 2
3.89 99
38.9 1
38.95 2
3.9 82
39.0 4
39.04 1
39.05 1
39.06 3
3.91 10
39.16 2
3.92 176
39.2 3
39.24 1
3.93 45
39.36 1
39.38 1
3.94 615
39.46 2
3.95 21009
39.51 1
39.55 1
39.56 1
39.58 1
3.96 21330
39.61 1
39.66 1
39.68 1
3.97 7
39.73 2
39.76 3
39.78 1
3.98 102
39.81 1
39.84 2
39.86 1
3.99 4506
39.9 1
39.92 1
39.95 2
39.99 1
4.0 31651
40.0 178
40.01 1
40.04 3
40.05 4
40.06 5
40.08 1
40.09 1
4.01 136
40.1 1
40.16 7
4.02 696
40.2 4
40.22 1
40.28 1
40.29 1
4.03 38
40.3 1
40.31 2
40.32 1
40.38 1
4.04 88
40.4 3
40.44 1
404.44 1
40.46 1
40.47 1
4.05 10554
40.56 2
40.58 1
40.59 1
4.06 19496
40.63 1
40.66 2
4.07 19
40.71 1
40.73 2
4.08 7174
40.82 1
40.83 1
40.86 1
40.88 2
4.09 55
40.95 1
40.96 1
4.1 2574
41.0 1
41.02 1
41.05 1
41.08 1
4.11 32
41.12 1
41.15 1
41.18 1
41.19 1
4.12 36
41.2 1
41.21 1
41.25 1
41.28 1
4.13 66
41.3 1
41.32 2
41.35 1
41.36 1
41.38 5
4.14 4080
41.41 2
41.44 1
41.45 1
41.47 1
41.48 1
4.15 7181
41.5 2
4.16 17835
41.62 1
4.17 538
41.76 1
41.78 2
4.18 124
41.8 1
41.85 1
41.86 2
41.88 1
4.19 205
41.98 1
4.2 10261
42.0 3
42.03 1
42.05 1
42.08 2
42.09 1
4.21 13
42.15 1
42.18 1
4.22 32
42.24 1
42.25 2
4.23 28
42.3 1
42.36 1
42.37 1
42.39 1
4.24 391
42.4 1
42.45 1
42.46 2
4.25 8756
42.53 1
42.55 1
42.58 1
4.26 16360
42.6 1
4.27 6
42.7 1
42.73 1
42.76 1
4.28 241
42.8 1
4.29 3784
42.91 1
42.92 1
42.95 1
42.96 1
42.98 1
4.3 2344
43.0 4
43.03 1
43.05 1
43.06 3
4.31 22
43.12 1
4.32 5045
43.26 1
43.28 2
43.29 1
4.33 1236
43.36 1
4.34 65
43.46 2
43.48 1
4.35 6227
43.55 1
4.36 15269
43.6 1
43.61 1
43.65 1
43.66 1
43.68 2
4.37 111
43.7 1
43.75 1
4.38 122
43.88 1
4.39 48
43.95 1
43.96 1
4.4 2220
44.0 12
44.06 1
4.41 38
44.1 1
44.15 1
44.16 5
4.42 23
44.22 1
44.28 2
4.43 30
44.35 2
44.38 1
4.44 3746
4.45 12897
44.58 2
4.46 14464
44.61 1
44.66 1
4.47 401
44.7 1
4.48 186
44.81 1
44.85 1
44.86 2
4.49 70
44.98 2
4.5 2039
45.0 30
45.01 1
45.02 1
45.05 2
45.08 1
45.09 1
4.51 9
45.12 1
45.16 3
4.52 29
45.2 1
45.24 4
45.26 1
4.53 21
45.31 1
45.36 1
45.37 1
45.38 1
45.39 2
4.54 295
45.42 1
45.49 1
4.55 9054
45.5 1
45.55 2
45.56 1
4.56 13218
45.61 1
45.66 1
4.57 2
45.73 1
45.76 1
4.58 5177
45.8 1
45.84 1
45.86 2
45.88 1
45.89 1
4.59 3295
45.9 1
4.6 48
46.0 5
46.06 1
46.08 1
4.61 14
46.16 1
46.18 1
4.62 330
46.2 1
46.25 1
4.63 20
46.31 1
46.33 1
46.36 1
4.64 126
4.65 4967
46.58 1
4.66 12149
46.6 1
46.66 1
4.67 7
46.7 1
46.78 1
4.68 188
46.88 1
4.69 31
46.9 1
46.95 1
4.7 9065
47.0 8
4.71 47
47.1 1
47.12 1
4.72 40
47.2 3
4.73 103
47.3 1
47.32 1
47.39 1
4.74 2989
4.75 4709
47.5 3
47.53 1
47.58 1
4.76 11217
47.66 1
47.68 1
4.77 269
47.7 1
47.73 1
4.78 198
47.8 1
4.79 84
47.98 1
4.8 1987
48.0 8
48.05 1
48.06 1
48.09 1
4.81 18
4.82 3480
48.26 1
48.28 1
4.83 905
48.36 1
4.84 202
48.46 1
4.85 5635
48.54 1
48.56 1
4.86 10864
48.66 1
4.87 10
4.88 278
48.8 1
48.81 1
48.86 1
4.89 2566
48.96 1
48.99 1
4.9 44
49.0 1
4.91 82
49.18 1
4.92 233
49.2 1
49.27 1
4.93 17
49.32 1
4.94 109
49.48 1
4.95 9804
4.96 9679
49.61 1
4.97 7
49.72 1
49.79 1
4.98 236
49.85 1
49.88 1
4.99 114
49.95 1
5.0 52635
50.0 140
50.03 2
50.05 4
50.06 3
50.08 3
5.01 97
50.15 1
50.16 1
5.02 19
50.2 1
50.23 1
5.03 20
5.04 2437
5.05 5300
50.5 2
50.56 1
50.58 1
5.06 9070
50.65 1
50.66 2
50.68 1
5.07 179
50.7 1
50.76 1
5.08 4334
50.8 2
50.82 1
50.88 2
5.09 198
50.94 1
5.1 44
51.0 3
5.11 10
51.11 1
51.19 1
5.12 22
51.28 1
5.13 17
51.33 1
5.14 137
51.45 1
5.15 4410
51.5 2
51.58 1
5.16 8360
51.66 1
5.17 4
51.7 2
51.78 2
5.18 276
51.84 1
51.88 1
5.19 2274
51.96 1
5.2 5437
52.0 6
52.06 3
5.21 7
52.15 1
5.22 182
52.21 1
52.27 1
5.23 25
5.24 139
52.48 1
5.25 3119
52.5 1
52.55 2
52.56 1
5.26 7470
52.61 1
52.66 1
5.27 50
52.7 2
52.71 1
52.73 1
5.28 245
52.81 1
52.85 1
52.86 2
5.29 45
5.3 2292
53.0 7
53.01 1
5.31 143
53.16 1
53.18 1
5.32 2558
5.33 637
53.3 2
53.38 1
5.34 2128
5.35 2891
53.56 1
5.36 6912
53.66 1
53.68 1
5.37 121
53.77 1
5.38 229
53.8 1
53.84 1
5.39 148
5.4 56
54.0 4
5.41 16
54.16 1
5.42 13
54.2 1
54.24 1
54.25 2
5.43 15
54.3 1
54.36 1
5.44 112
54.45 1
5.45 7703
5.46 6394
54.66 1
54.67 1
5.47 5
5.48 274
5.49 1904
5.5 1315
55.0 22
55.05 1
5.51 11
55.11 2
5.52 121
55.2 1
5.53 329
55.3 1
55.36 1
5.54 151
5.55 4140
55.52 1
55.55 3
5.56 5799
5.57 11
55.7 1
55.78 1
5.58 3230
55.8 1
55.86 2
55.88 1
5.59 10
55.9 1
5.6 920
56.0 4
5.61 135
5.62 18
56.25 1
56.28 1
5.63 27
5.64 1734
56.42 1
5.65 2231
5.66 5413
56.62 1
56.66 1
5.67 84
56.7 1
5.68 342
56.82 1
56.86 1
5.69 138
56.92 1
5.7 3901
57.0 3
5.71 11
5.72 56
57.26 1
5.73 45
5.74 84
5.75 2809
5.76 4963
57.62 1
5.77 7
57.76 1
57.77 1
57.78 1
5.78 335
57.88 1
5.79 1704
57.96 1
57.99 1
5.8 1345
58.0 3
5.81 29
58.11 1
5.82 1935
58.25 1
5.83 525
58.33 1
5.84 160
5.85 1990
5.86 4657
5.87 3
5.88 455
58.8 1
58.83 1
58.89 1
5.89 164
5.9 798
59.0 2
59.08 1
5.91 115
59.11 1
5.92 18
59.26 1
5.93 24
59.35 2
5.94 1561
59.45 1
5.95 5052
59.56 1
5.96 4231
59.61 1
5.97 59
59.71 1
5.98 460
5.99 129
6.0 10815
60.0 44
60.01 2
60.05 2
60.06 1
60.08 2
6.01 8
60.16 1
6.02 39
60.26 1
6.03 11
6.04 64
6.05 3092
60.56 2
6.06 3961
60.6 1
6.07 5
60.7 1
6.08 2606
6.09 1332
60.99 1
6.1 68
61.0 2
61.03 1
6.11 30
6.12 83
6.13 10
61.37 1
61.38 2
6.14 1086
61.42 4
6.15 1572
6.16 3388
61.6 1
61.68 1
6.17 19
61.7 3
61.72 1
6.18 436
6.19 31
6.2 3632
62.0 8
62.04 1
62.05 1
62.08 1
6.21 109
62.1 1
6.22 19
6.23 53
6.24 1263
6.25 1501
62.55 2
6.26 3244
6.27 35
62.7 1
6.28 497
6.29 142
6.3 709
63.0 1
6.31 9
6.32 1375
6.33 347
63.36 1
6.34 76
6.35 2041
63.56 1
63.58 1
6.36 3141
63.63 1
63.65 1
63.72 1
6.38 664
6.39 1139
6.4 37
64.0 4
6.41 6
64.1 1
64.18 1
6.42 44
6.43 14
64.33 1
6.44 103
6.45 3529
64.56 1
64.59 1
6.46 2757
64.61 1
6.47 14
6.48 792
6.49 13
6.5 1219
65.0 15
6.51 93
65.11 1
65.16 1
6.52 22
65.2 1
65.27 2
6.53 22
6.54 1130
6.55 1942
65.55 1
6.56 2531
6.57 39
6.58 2433
65.82 1
6.59 275
65.92 3
6.6 203
66.0 4
6.61 28
6.62 24
6.63 11
6.64 51
66.45 1
6.65 1849
66.54 1
6.66 2452
6.67 11
66.7 4
66.73 1
6.68 1036
6.69 1065
6.7 2159
67.0 3
6.71 27
6.72 58
6.73 68
67.32 1
6.74 79
67.4 1
67.41 1
67.49 1
6.75 1377
6.76 2136
67.66 1
6.77 4
67.76 1
6.78 1119
67.83 1
67.86 1
6.79 14
6.8 998
68.0 1
6.81 63
68.11 1
6.82 964
68.26 1
6.83 283
68.31 1
68.32 1
6.84 1001
68.4 1
68.42 1
6.85 1272
68.56 1
6.86 2052
68.64 1
68.66 1
6.87 25
6.88 1293
68.82 1
6.89 70
6.9 45
69.0 1
6.91 12
6.92 41
69.2 1
6.93 5
6.94 28
6.95 3406
69.58 2
6.96 1977
69.65 1
6.97 2
6.98 1337
6.99 900
7.0 7358
70.0 23
70.05 2
70.06 1
7.01 32
7.02 45
70.29 1
7.03 20
70.38 1
7.04 55
7.05 1655
70.5 2
7.06 1751
70.66 1
7.07 26
70.7 1
7.08 2498
70.8 1
7.09 6
7.1 487
71.0 2
7.11 81
7.12 24
7.13 7
7.14 845
71.42 1
71.48 1
7.15 1154
7.16 1589
71.64 1
7.17 33
7.18 1393
7.19 72
7.2 1556
72.0 2
72.08 1
7.21 26
7.22 31
7.23 79
72.3 1
7.24 25
7.25 1543
72.58 1
7.26 1542
72.66 1
7.27 2
7.28 1530
72.8 1
7.29 773
7.3 393
73.0 2
7.31 16
7.32 768
7.33 198
7.34 52
7.35 1245
7.36 1501
7.37 90
7.38 1524
7.39 1
73.98 1
7.4 335
7.41 54
7.42 20
74.2 1
7.43 15
74.3 1
7.44 702
7.45 2427
74.58 1
74.59 1
7.46 1457
74.66 1
7.47 18
7.48 1752
7.49 45
7.5 806
75.0 11
7.51 18
7.52 41
75.2 1
7.53 5
7.54 24
7.55 1820
7.56 1303
75.6 1
7.57 3
75.75 3
7.58 2453
7.59 688
75.9 1
75.99 1
7.6 135
76.0 1
7.61 41
7.62 42
76.2 1
7.63 19
7.64 42
7.65 1182
7.66 1129
7.67 2
76.7 1
7.68 1624
7.69 2
7.7 1654
77.0 3
7.71 54
77.17 1
7.72 21
7.73 115
7.74 598
77.41 1
7.75 1172
77.51 1
7.76 1110
7.77 46
77.77 1
7.78 1716
7.79 37
7.8 361
7.81 15
7.82 547
7.83 149
7.84 22
7.85 1385
7.86 1133
7.87 1
78.7 1
7.88 1691
78.88 1
7.89 541
78.99 1
7.9 37
79.06 1
7.91 41
7.92 60
7.93 20
79.32 1
7.94 28
7.95 2007
7.96 1014
79.65 1
7.97 5
7.98 1834
79.88 1
7.99 7
79.91 1
8.0 8386
80.0 26
80.06 1
80.08 1
8.01 32
80.1 1
8.02 28
8.03 1
80.34 1
8.04 556
8.05 1297
8.06 1000
80.66 2
8.07 131
8.08 2310
80.8 1
80.84 1
80.88 1
8.09 28
8.1 220
8.11 55
8.12 26
8.13 3
8.14 15
8.15 1434
8.16 924
8.17 1
8.18 1738
81.8 1
8.19 484
8.2 763
82.0 3
8.21 6
8.22 40
8.23 202
8.24 22
8.25 1019
8.26 817
82.66 1
8.27 12
8.28 1664
82.8 1
8.29 11
8.3 1000
83.0 1
8.31 42
83.1 1
83.15 1
8.32 496
8.33 20
83.36 1
8.34 458
8.35 1055
8.36 1050
8.37 21
8.38 1650
8.39 13
8.4 205
8.41 16
8.42 34
8.43 4
8.44 14
8.45 1664
84.54 1
8.46 860
8.47 2
8.48 1832
8.49 400
8.5 271
85.0 6
8.51 16
8.52 41
8.53 26
8.54 30
85.4 1
85.44 1
8.55 1046
8.56 841
8.57 112
8.58 2235
85.8 1
8.59 2
85.96 1
8.6 543
8.61 74
8.62 16
8.63 7
86.3 1
86.32 1
8.64 355
8.65 1020
8.66 759
8.67 4
8.68 1531
8.69 17
86.93 1
8.7 668
8.71 17
8.72 22
8.73 294
87.33 1
8.74 10
8.75 992
8.76 792
8.77 3
8.78 1434
87.88 1
8.79 354
8.8 390
88.0 3
88.08 1
8.81 16
8.82 427
8.83 29
8.84 290
8.85 1047
88.58 1
8.86 977
8.87 3
8.88 1500
88.8 1
88.88 2
8.89 7
8.9 317
8.91 11
8.92 14
8.93 5
8.94 319
89.4 1
8.95 1263
8.96 693
8.97 101
8.98 1745
8.99 16
9.0 2239
90.0 13
90.09 1
9.01 13
9.02 36
9.03 2
90.3 1
9.04 13
90.45 1
9.05 1053
9.06 796
9.07 81
9.08 1614
9.09 319
9.1 487
9.11 14
9.12 23
91.25 1
9.13 38
91.37 1
9.14 16
91.41 1
91.45 1
9.15 832
9.16 746
9.17 2
9.18 1211
9.19 3
9.2 664
92.0 1
9.21 1885
9.22 25
9.23 363
9.24 301
9.25 688
9.26 604
9.27 11
9.28 1162
9.29 5
92.95 1
9.3 159
9.31 11
9.32 346
9.33 12
9.34 13
9.35 961
9.36 837
9.38 1059
9.39 274
9.4 148
94.0 1
9.41 15
9.42 21
9.43 42
9.44 14
9.45 1037
9.46 473
9.48 1404
9.49 1
9.5 225
95.0 3
9.51 53
9.52 21
9.53 3
9.54 254
9.55 654
95.57 1
9.56 497
9.57 63
95.7 1
9.58 1301
9.59 12
9.6 635
96.0 1
9.61 16
9.62 9
9.63 1
96.32 1
9.64 6
9.65 762
96.58 1
9.66 514
9.67 1
96.7 1
9.68 939
9.69 226
96.95 1
9.7 499
97.0 1
9.71 7
9.72 17
9.73 459
9.74 6
9.75 473
9.76 436
9.77 4
9.78 899
9.79 1
9.8 231
98.08 1
9.81 12
9.82 276
9.83 30
9.84 217
9.85 749
9.86 758
9.87 11
98.76 1
98.79 1
9.88 881
9.89 373
9.9 153
99.0 6
9.91 5
99.1 1
99.11 1
9.92 10
9.93 1
9.94 7
9.95 993
9.96 381
9.97 3
9.98 1200
9.99 224
99.99 2
tip_amount 1
